11111111000000011111111111111111
11111111000000001111111111111111
11111111000000011111111111111111
11111111000000011111111100111111
11111111000000001111111100011111
11111110000000001111111100011111
11111111000000011111111100011111
11111111000000011111111100001111
10111111000000011111111100001111
11111111000000011111111100000111
11111111000000011111111100001111
11111101000000011111111100000111
10101111000000011111111100000111
11011101000000011111111100000111
10110110000000011111111100000111
11011111000000011111111100000011
10110101000000011111111100000011
10011110000000001111111100000011
11111111000000011111111100000011
11111111000000011111111100000011
11110111000000011111111100000011
10111011000000001111111100000011
11110101000000011111111100000001
00101010000000011111111100000001
01101101000000001111111100000011
11111110000000011111111100000111
00011110000000011111111100000111
10011111000000011111111100000111
11110111000000011111111100000111
11101010000000011111111100001111
11111101000000011111111100001111
11111111000000011111111100011111
01111011000000011111111100011111
11111010000000001111111100111111
11111110000000001111111100111111
11011011000000011111111101111111
01111110000000011111111111111111
11111111000000011111111111111111
11011110000000011111111101111111
11111111000000011111111101111111
01111111000000011111111100111111
01101110000000011111111100011111
11111100000000011111111100011111
11111111000000011111111100001111
11111111000000011111111100001111
11111111000000011111111100000111
11111111000000011111111100000111
11111110000000011111111100000111
11111110000000011111111100000111
11111111000000011111111000000111
11111110000000011111111100000111
11111111000000011111111100000001
11111111000000011111111000000011
11111111000000011111111100000011
11111110000000011111111000000011
11111111000000011111111100000011
11111111000000011111111100000011
11111110000000011111111000000011
11111110000000011111111000000011
11111110000000011111111100000111
11111110000000011111111100000111
11111110000000011111111100000111
11111110000000011111111100000111
11111110000000011111111000001111
11111110000000011111111100001111
11111110000000011111111000001111
11111110000000011111111100001111
11111111000000011111111100011111
11111111000000011111111100011111
11111110000000011111111100111111
11111110000000011111111001111111
11111110000000011111111101111111
11111110000000011111111111111111
11111110000000011111111111111111
11111110000000011111111101111111
11111111000000011111111101111111
11111110000000011111111100011111
11111110000000011111111000011111
11111110000000011111111000001111
11111111000000011111111100001111
11111111000000011111111100001111
11111110000000011111111000000111
11111111000000011111111100000111
11111111000000011111111000000101
11111111000000011111111100000101
11111110000000011111111100000011
11111111000000011111111000000011
11111110000000011111111100000011
11111110000000011111111100000011
11111111000000011111111100000011
11111111000000011111111100000001
11111111000000011111111100000001
11111111000000011111111100000011
11111110000000011111111100000001
11101111000000011111111100000011
11111111000000011111111100000111
11111111000000011111111100000111
11111110000000011111111100000111
11111111000000011111111100000111
11111110000000011111111100000111
11111111000000011111111100001111
11111110000000001111111100001111
11111110000000011111111100011111
01111011000000011111111100011111
11111111000000011111111100111111
10101010000000011111111101111111
11111110000000011111111101111111
11110111000000011111111111111111
10111111000000011111111111111111
00011110000000011111111100111111
11111110000000011111111100111111
01101100000000011111111100011111
00101010000000011111111100011111
11110101000000011111111100001111
10111010000000011111111100001111
11110111000000011111111100001111
11111111000000011111111100000111
11111111000000011111111100000111
10011100000000001111111100000011
10110101000000011111111100000111
11011111000000011111111100000011
10110110000000011111111100000001
10011101000000011111111100000001
00000101000000011111111100000001
11111101000000011111111100000011
11111111000000001111111100000011
11110111000000011111111100000011
10111111000000011111111100000011
11100111000000011111111100000011
11011111000000011111111100000011
11111100000000001111111100000011
11111101000000001111111100000011
11111111000000011111111100000011
11110110000000011111111100000111
11111111000000001111111100000111
11111111000000011111111100000111
11111111000000011111111100001111
11111111000000001111111100001111
11111111000000011111111100001111
11111111000000011111111100011111
11111111000000001111111100011111
11111111000000001111111100111111
11111111000000011111111100111110
11111111000000011111111111111111
11111111000000011111111111111111
11111111000000011111111101111111
11111111000000001111111100111111
11111111000000001111111100111111
11111111000000011111111100011111
11111111000000001111111100011111
11111111000000011111111100001111
11111111000000001111111100001111
11111111000000001111111100000111
11111111000000011111111100000111
11111111000000011111111100000111
11111111000000011111111100000111
11111111000000001111111100000011
11111111000000011111111100000011
11111111000000011111111100000011
11111111000000001111111100000011
11111111000000011111111100000011
11111111000000011111111100000011
11111111000000011111111100000011
11111111000000001111111100000001
11111111000000001111111100000001
11111111000000011111111100000011
11111111000000001111111100000011
11111111000000011111111100000011
11111111000000001111111100000011
11111111000000001111111100000011
11111111000000011111111100000011
11111111000000011111111100000111
11111111000000011111111100000111
11111111000000011111111100000111
11111111000000001111111100001111
11111111000000001111111100001111
11111111000000011111111100001111
11111111000000011111111100011111
11111111000000001111111100111111
11111111000000011111111100111111
