00000000000011111111000000001111
00000000000011111111000000001111
00000000000011111111100110001111
00000000000011111111111111001111
00000000000011111111111111101111
00000000000011111110111111111111
00000000000011111110011111111111
00000000000011111110001111111111
00000000000111111111000111111111
00000000000111111111000111111111
00000000000111111111100011111111
00000000001111111111100011111111
00000000001111111111110011111111
00000000001111111111110001111111
00000000011111111111111001111111
00000000011111111000111101111111
00000000111111111000001100111111
00000000111111111100000100111111
00000001111111111111000000111111
00000011111111110111100000111111
00000111111111100011111000111111
00001111111111000011111100111111
00011111111111001001111100111111
00111111111110011001111111111111
01111111111100111000111111111111
11111111111101111000111111111111
11111111110111110010011111111111
11111111100111100110011111111111
01111111110011001110011111111110
00111111110011111111001111111110
00011111111001111110001111111110
00011111111001111100011111111110
00001111111001111000111111111110
00001111111100110001111111111100
00000111111100110011111111111100
00000111111000111111111111111100
00000111100000111111111111111000
00000011100011111111111111110000
00000011111111111111111111100000
00000011111111111111111111000000
00000011111111111111111110000000
00000001111111111111110000000000
00000001111111111100000000000000
00000001110000000000000000000000
00000000000000000000000000000000
00000000000000000000000000000000
00000000000000000000000000000000
00000000000000000000000000000000
00000001111000000000000000000000
00000001111111111000000000000000
00000011111111111111000000000000
00000011111111111111110000000000
00000011111111111111111100000000
00000011111111111111111110000000
00000111111111111111111111000000
00000111111111111111111111100000
00000111111111111111111111110000
00001111111111111111111111110000
00001111111011111111111111111000
00011111111001111111111111111000
00011111111001111111111111111000
00111111110011001111111111111100
01111111110011000111111111111100
11110011100111100011111111111100
11110001000111110011111111111100
11111100001100111001111111111110
11111110011110011000111111111110
01111111111110011001111111111110
00111111100111000001111111111110
00011111110111100011011111111110
00001111110011100011001111111110
00000111111001000111001111111110
00000011111100001110011111111110
00000001111100011110011111111110
00000001111110111100111111111111
00000000111111111100111111111111
00000000111111111001111111111111
00000000011111111001111111111111
00000000011111110011111111111111
00000000001111110011110011111111
00000000001111100000000011111111
00000000001111100000000011111111
00000000001111100000000011111111
00000000000111111111110011111111
00000000000111111111111111111111
00000000000111111111111111111111
00000000000111111111111111111111
00000000000111111111110111111111
00000000000111111111100011111111
00000000000111110000000011111111
00000000000011110000000011111111
00000000000011111000000001111111
00000000000111111110011011111111
00000000000111111110011001111111
00000000000111111110011001111111
00000000000111111110011011111111
00000000000111111110111011111111
00000000000111100010111011111111
00000000001111100000111011111111
00000000001111110000001011111111
00000000001111111100000011111111
00000000001111111110000011111111
00000000011111001111000011111111
00000000011111000111100111111111
00000000111111100111110111111111
00000000111111100011111111111111
00000001111111100011111111111111
00000001111111001001111111111110
00000011111101001001111111111110
00000111111000011101111111111110
00001111111100001100111111111110
00011111111111000000111111111110
00111111100111100000111111111110
01111111110011111000111111111110
11111110011001111100111111111110
11111110001001111111111111111110
11110010100100111111111111111100
11110011010010011111111111111100
01111001011000011111111111111100
00111100001100001111111111111100
00111100101110011111111111111100
00011110001111111111111111111000
00011110001111111111111111111000
00001111001111111111111111110000
00001111111111111111111111110000
00000111111111111111111111100000
00000111111111111111111111000000
00000111111111111111111110000000
00000011111111111111111100000000
00000011111111111111110000000000
00000011111111111111000000000000
00000011111111111000000000000000
00000011111000000000000000000000
00000000000000000000000000000000
00000000000000000000000000000000
00000000000000000000000000000000
00000000000000000000000000000000
00000001110000000000000000000000
00000011111111111100000000000000
00000011111111111111110000000000
00000011111111111111111110000000
00000011111111111111111111000000
00000011111111111111111111100000
00000111100111111111111111110000
00000111101100111111111111111000
00000111001100101111111111111100
00001111001000100111111111111100
00001111011000100101111111111100
00011110010101101100111111111110
00011110000101001100111111111110
00111100001101001100111111111110
00111100011100011100111111111110
01111111111000011100111111111110
11111111111000111100011011111111
11111111111000111000011011111111
11111111111001111001000001111111
01111111111101111011000001111111
00111111111111111011100011111111
00011111111111110011000111111111
00001111111111110010000111111111
00000111111111110000001111111111
00000011111111110000111110011111
00000001111111110001111110011111
00000000111111111111111100011111
00000000111111111111111100011111
00000000011111111111111000111111
00000000011111111111110000111111
00000000001111111111100001111111
00000000001111111111000011111111
00000000001111111110000011111111
00000000000111111110000011111111
00000000000111111110011011111111
00000000000111111110111011111111
00000000000011111110011001111111
00000000000011111110011001111111
00000000000011111110011001111111
00000000000011111110011001111111
00000000000011111111011001111111
00000000000011111111011000001111
00000000000011111111000000001111
